135
120
192
145
143
133
174
117
127
195
146
199
185
144
162
197
164
160
119
167
104
108
181
188
121
134
179
166
181
185
134
159
109
188
141
132
162
196
185
104
107
167
150
118
116
195
190
110
116
144
103
119
124
102
174
181
131
158
154
143
124
186
158
112
146
166
138
113
148
106
147
100
158
111
191
136
103
197
116
113
148
185
142
103
186
175
132
161
123
126
182
140
120
126
163
185
113
198
129
173
101
169
115
101
190
134
119
182
105
134
154
170
157
113
110
127
187
163
113
127
162
106
168
162
181
110
191
174
148
159
154
114
144
183
152
180
137
181
144
153
105
106
131
164
132
187
159
141
158
141
144
141
151
102
174
138
103
121
159
140
179
185
159
124
122
117
121
128
186
194
143
113
156
180
187
117
191
135
143
167
161
148
186
111
141
194
150
158
190
130
134
113
195
143
170
108
140
163
140
153
103
104
